# Created by Octave 4.2.2, Sat Dec 01 15:24:38 2018 CET <sabina@sabina-UX410UAK>
# name: y
# type: matrix
# rows: 1
# columns: 1001
 1.486719514734298e-06 1.56286710894929e-06 1.642750588045071e-06 1.726544521677073e-06 1.81443119018203e-06 1.906600903122811e-06 2.003252329948489e-06 2.104592843183129e-06 2.210838874568421e-06 2.322216284597997e-06 2.438960745893352e-06 2.561318140884544e-06 2.689544974271523e-06 2.823908800755821e-06 2.964688668545273e-06 3.112175579148944e-06 3.266672963993275e-06 3.428497178405039e-06 3.597978013521247e-06 3.775459226701349e-06 3.961299091032075e-06 4.155870964531201e-06 4.359563879671637e-06 4.572783153864145e-06 4.795951021552522e-06 5.029507288592445e-06 5.273910009601303e-06 5.529636188984051e-06 5.797182506357287e-06 6.077066067111115e-06 6.36982517886709e-06 6.676020154607461e-06 6.996234143270405e-06 7.331073988623945e-06 7.681171117250455e-06 8.047182456492295e-06 8.429791383228772e-06 8.829708704374098e-06 9.247673670005617e-06 9.684455020051437e-06 1.014085206548676e-05 1.061769580500839e-05 1.111585007817779e-05 1.163621275604267e-05 1.21797169702687e-05 1.274733238183347e-05 1.334006649035584e-05 1.395896598515477e-05 1.460511813915294e-05 1.527965224676162e-05 1.598374110690547e-05 1.671860255236507e-05 1.748550102663914e-05 1.828574920954738e-05 1.912070969281774e-05 1.999179670692279e-05 2.090047790045048e-05 2.184827617331647e-05 2.283677156514692e-05 2.38676032001796e-05 2.494247129005354e-05 2.606313919587834e-05 2.723143555099261e-05 2.84492564458443e-05 2.97185676764422e-05 3.104140705785027e-05 3.241988680421378e-05 3.385619597682789e-05 3.53526030017731e-05 3.69114582586662e-05 3.853519674208713e-05 4.022634079726497e-05 4.198750293161732e-05 4.382138870375812e-05 4.573079969160131e-05 4.771863654120495e-05 4.978790209801209e-05 5.194170462215977e-05 5.418326108954014e-05 5.651590058030741e-05 5.894306775653985e-05 6.146832643076943e-05 6.40953632271061e-05 6.682799133669061e-05 6.967015436921433e-05 7.262593030225232e-05 7.569953553016121e-05 7.889532901429309e-05 8.2217816536286e-05 8.567165505618186e-05 8.926165717713293e-05 9.299279571844591e-05 9.687020839871926e-05 0.0001008992026308144 0.0001050852604304005 0.0001094340434398006 0.0001139513980688646 0.0001186433607545658 0.0001235161633410237 0.0001285762385816211 0.0001338302257648854 0.0001392849764657599 0.0001449475604238911 0.0001508252715505181 0.0001569256340655323 0.000163256408766242 0.0001698255994293436 0.0001766414593475712 0.0001837124980024571 0.0001910474878745976 0.0001986554713927727 0.0002065457680232259 0.000214727981500367 0.0002232120072001021 0.0002320080396569424 0.0002411265802259937 0.0002505784448908607 0.0002603747722184425 0.0002705270314615207 0.0002810470308099863 0.0002919469257914603 0.0003032392278220042 0.0003149368129075216 0.000327052930496375 0.0003396012124836548 0.0003525956823674454 0.000366050764557335 0.0003799812938353214 0.0003944025249691569 0.0004093301424780788 0.0004247802705507514 0.0004407694831151325 0.0004573148140598576 0.0004744337676066206 0.0004921443288328931 0.0005104649743441856 0.0005294146830949356 0.0005490129473569587 0.0005692797838342526 0.0005902357449227856 0.000611901930113773 0.0006342999975387576 0.0006574521756546765 0.0006813812750668915 0.0007061107004880362 0.0007316644628303109 0.0007580671914287103 0.0007853441463924686 0.0008135212310818084 0.0008426250047069027 0.0008726826950457602 0.0009037222112775245 0.0009357721569274798 0.0009688618429198468 0.001003021300734238 0.00103828129566141 0.001074673340153736 0.001112229707265567 0.001150983444178485 0.001190968385806117 0.00123221916847302 0.001274771243661835 0.001318660891822742 0.001363925236238904 0.001410602256941385 0.001458730804666747 0.001508350614850307 0.001559502321647691 0.001612227471977123 0.00166656853957458 0.001722568939053681 0.001780273039961879 0.001839726180824278 0.00190097468316608 0.001964065865504376 0.002029048057299768 0.002095970612857942 0.002164883925171062 0.002235839439688542 0.002308889668006496 0.00238408820146484 0.002461489724640701 0.002541150028726526 0.002623126024781024 0.0027074757568407 0.002794258414879447 0.002883534347603441 0.002975365075068253 0.00306981330110474 0.003166942925540081 0.003266819056199925 0.003369508020677481 0.003475077377854937 0.003583595929162359 0.003695133729559035 0.00380976209822181 0.003927553628924779 0.004048582200094426 0.004172922984523962 0.00430065245873045 0.004431848411938008 0.004566589954670149 0.004704957526933979 0.004847032905978953 0.004992899213612376 0.005142640923053939 0.00529634386531102 0.005454095235056545 0.005615983595990969 0.005782098885669473 0.005952532419775854 0.006127376895823687 0.006306726396265928 0.006490676390993364 0.00667932373920262 0.006872766690613971 0.007071104886019449 0.007274439357141218 0.007482872525780564 0.007696508202237322 0.007915451582979969 0.008139809247546021 0.008369689154653033 0.008605200637499671 0.008846454398237232 0.009093562501591053 0.009346638367612292 0.009605796763539587 0.009871153794751144 0.01014282689478708 0.01042093481442261 0.01070559760977219 0.01099693662940557 0.01129507450045614 0.01160013511370256 0.01191224360760518 0.01223152635127797 0.01255811092637821 0.0128921261078953 0.01323370184382137 0.01358296923368561 0.01394006050593583 0.01430510899414969 0.01467824911206004 0.01505961632737745 0.01544934713439517 0.01584757902536082 0.01625445046060051 0.01667010083738106 0.01709467045749696 0.01752830049356854 0.01797113295403965 0.01842331064686205 0.01888497714185619 0.01935627673173696 0.01983735439179534 0.02032835573822584 0.02082942698509219 0.02134071489992278 0.02186236675792939 0.0223945302948429 0.02293735365836069 0.02349098535820136 0.02405557421476297 0.02463126930638251 0.02521821991519438 0.02581657547158769 0.02642648549726172 0.02704809954688179 0.02768156714833657 0.02832703774160119 0.02898466061620941 0.02965458484734128 0.03033695923053164 0.03103193221500827 0.03173965183566742 0.03246026564369747 0.03319392063586112 0.03394076318244921 0.03470093895391882 0.03547459284623146 0.03626186890490622 0.03706291024780647 0.03787785898667748 0.03870685614745561 0.03955004158937022 0.04040755392286031 0.04127953042633042 0.04216610696177031 0.04306741788926573 0.04398359598042719 0.0449147723307671 0.04586107627105489 0.04682263527768316 0.04779957488207703 0.04879201857918276 0.04980008773507077 0.0508239014936912 0.05186357668282057 0.05291922771924031 0.05399096651318806 0.05507890237212579 0.05618314190386805 0.05730378891911715 0.05844094433345147 0.05959470606881611 0.06076516895456478 0.06195242462810519 0.06315656143519865 0.06437766432996934 0.0656158147746766 0.06687109063930714 0.06814356610104458 0.06943331154367419 0.07074039345698339 0.07206487433621798 0.07340681258165692 0.0747662623983676 0.07614327369620735 0.07753789199013399 0.07895015830089418 0.08038010905615417 0.08182777599214285 0.08329318605587446 0.08477636130802226 0.08627731882651153 0.08779607061090566 0.089332623487655 0.0908869790162829 0.09245913339658068 0.09404907737688697 0.09565679616352402 0.09728226933146754 0.09892547073632371 0.1005863684276905 0.102264924563978 0.1039610953287642 0.1056748308487636 0.1074060751134838 0.1091547658966474 0.1109208346794555 0.1127042065757706 0.1145048002592924 0.1163225278928071 0.1181572950595823 0.1200090006969857 0.1218775370324018 0.1237627895215232 0.1256646367890882 0.1275829505721419 0.1295175956658917 0.1314684298722311 0.1334353039510023 0.1354180615740713 0.1374165392822818 0.1394305664453603 0.1414599652248388 0.1435045505400625 0.1455641300373476 0.1476385040623557 0.1497274656357449 0.1518308004321616 0.1539482867626337 0.1560796955604208 0.1582247903703831 0.1603833273419196 0.1625550552255342 0.1647397153730768 0.1669370417417139 0.1691467609016724 0.1713685920478074 0.173602247015033 0.1758474302976624 0.1781038390726936 0.1803711632270804 0.1826490853890219 0.1849372809633054 0.1872354181707296 